402475808653983744
405475166366347264
403444752084762624
409592295814881281
404978827740209152
410172904815337472
417192985135026176
406128401742057473
403915657508847616
411103583505883137
418174841234399232
405350129961431041
415946452884799488
400848406664335360
413234203283574785
405245989398663168
404702243657494528
411811191435304960
411331792667303936
419684755832324096
416511531523014656
411659368233312256
410425305828839424
415909407097384960
420669602105147392
420472158457196544
411236591165005824
404527359006474240
401647810941956096
400626964572033024
409365898643124224
403885236334780416
412993791025741824
404689287473418240
414256476975165441
417133462202875904
401096458062929920
405583448838275072
411478597484814336
412115823013023745
403389828621815808
411849412504064000
404347094217285632
408266595392163841
406307368209637376
413481655358472192
415613950886023168
412200839067869185
414012962526220288
403463191599910912
405122491485388800
414447538968997888
400676699999711232
409628466795933696
403024733601402880
404323949741215745
405443243795435521
416092739130761216
412657659330846721
420697119536594944
419972935257169920
416157668881870849
411029685607604224
404584645640982528
403263545061552128
415688686949249024
411934445130641409
412662952823488512
411809776457101312
415694234646507520
401428018285260800
420114026396266496
407981985408118784
417221335002402816
400230268956471297
400331187149107200
403201850142650368
409646208865427456
419348489420558336
408405728232108032
412144937061609472
402819683419557888
400087835744931840
412177601843970048